[ angles ]
;    ai     aj     ak funct         c0         c1         c2         c3
      4      1      6     1   83.2500360 2050.160000
      8      1      4     1   83.2500360 2050.160000
      8      1      6     1   69.7900301 2050.160000
      3      1      8     1   83.2500360 2050.160000
      3      1      4     1   69.7900301 2050.160000
      3      1      6     1  143.9000617 2050.160000
      9      1      3     1   83.2500360 2050.160000
      9      1      8     1   69.7900301 2050.160000
      9      1      4     1  143.9000617 2050.160000
      9      1      6     1  108.0000463 2050.160000
      5      1      9     1   83.2500360 2050.160000
      5      1      3     1   69.7900301 2050.160000
      5      1      8     1  143.9000617 2050.160000
      5      1      4     1  108.0000463 2050.160000
      5      1      6     1  143.9000617 2050.160000
      7      1      5     1   83.2500360 2050.160000
      7      1      9     1   69.7900301 2050.160000
      7      1      3     1  143.9000617 2050.160000
      7      1      8     1  108.0000463 2050.160000
      7      1      4     1  143.9000617 2050.160000
      7      1      6     1   69.7900301 2050.160000
      2      1      7     1   83.2500360 2050.160000
      2      1      5     1   69.7900301 2050.160000
      2      1      9     1  143.9000617 2050.160000
      2      1      3     1  108.0000463 2050.160000
      2      1      8     1  143.9000617 2050.160000
      2      1      4     1   69.7900301 2050.160000
      2      1      6     1   83.2500360 2050.160000



